/*--------------------------------*- C++ -*----------------------------------*\
  =========                 |
  \\      /  F ield         | OpenFOAM: The Open Source CFD Toolbox
   \\    /   O peration     | Website:  https://openfoam.org
    \\  /    A nd           | Version:  6
     \\/     M anipulation  |
\*---------------------------------------------------------------------------*/
FoamFile
{
    version     2.0;
    format      ascii;
    class       faceList;
    location    "constant/polyMesh";
    object      faces;
}
// * * * * * * * * * * * * * * * * * * * * * * * * * * * * * * * * * * * * * //


2150
(
4(1 27 183 157)
4(26 182 183 27)
4(156 157 183 182)
4(2 28 184 158)
4(27 183 184 28)
4(157 158 184 183)
4(3 29 185 159)
4(28 184 185 29)
4(158 159 185 184)
4(4 30 186 160)
4(29 185 186 30)
4(159 160 186 185)
4(5 31 187 161)
4(30 186 187 31)
4(160 161 187 186)
4(6 32 188 162)
4(31 187 188 32)
4(161 162 188 187)
4(7 33 189 163)
4(32 188 189 33)
4(162 163 189 188)
4(8 34 190 164)
4(33 189 190 34)
4(163 164 190 189)
4(9 35 191 165)
4(34 190 191 35)
4(164 165 191 190)
4(10 36 192 166)
4(35 191 192 36)
4(165 166 192 191)
4(11 37 193 167)
4(36 192 193 37)
4(166 167 193 192)
4(12 38 194 168)
4(37 193 194 38)
4(167 168 194 193)
4(13 39 195 169)
4(38 194 195 39)
4(168 169 195 194)
4(14 40 196 170)
4(39 195 196 40)
4(169 170 196 195)
4(15 41 197 171)
4(40 196 197 41)
4(170 171 197 196)
4(16 42 198 172)
4(41 197 198 42)
4(171 172 198 197)
4(17 43 199 173)
4(42 198 199 43)
4(172 173 199 198)
4(18 44 200 174)
4(43 199 200 44)
4(173 174 200 199)
4(19 45 201 175)
4(44 200 201 45)
4(174 175 201 200)
4(20 46 202 176)
4(45 201 202 46)
4(175 176 202 201)
4(21 47 203 177)
4(46 202 203 47)
4(176 177 203 202)
4(22 48 204 178)
4(47 203 204 48)
4(177 178 204 203)
4(23 49 205 179)
4(48 204 205 49)
4(178 179 205 204)
4(24 50 206 180)
4(49 205 206 50)
4(179 180 206 205)
4(50 206 207 51)
4(180 181 207 206)
4(27 53 209 183)
4(52 208 209 53)
4(182 183 209 208)
4(28 54 210 184)
4(53 209 210 54)
4(183 184 210 209)
4(29 55 211 185)
4(54 210 211 55)
4(184 185 211 210)
4(30 56 212 186)
4(55 211 212 56)
4(185 186 212 211)
4(31 57 213 187)
4(56 212 213 57)
4(186 187 213 212)
4(32 58 214 188)
4(57 213 214 58)
4(187 188 214 213)
4(33 59 215 189)
4(58 214 215 59)
4(188 189 215 214)
4(34 60 216 190)
4(59 215 216 60)
4(189 190 216 215)
4(35 61 217 191)
4(60 216 217 61)
4(190 191 217 216)
4(36 62 218 192)
4(61 217 218 62)
4(191 192 218 217)
4(37 63 219 193)
4(62 218 219 63)
4(192 193 219 218)
4(38 64 220 194)
4(63 219 220 64)
4(193 194 220 219)
4(39 65 221 195)
4(64 220 221 65)
4(194 195 221 220)
4(40 66 222 196)
4(65 221 222 66)
4(195 196 222 221)
4(41 67 223 197)
4(66 222 223 67)
4(196 197 223 222)
4(42 68 224 198)
4(67 223 224 68)
4(197 198 224 223)
4(43 69 225 199)
4(68 224 225 69)
4(198 199 225 224)
4(44 70 226 200)
4(69 225 226 70)
4(199 200 226 225)
4(45 71 227 201)
4(70 226 227 71)
4(200 201 227 226)
4(46 72 228 202)
4(71 227 228 72)
4(201 202 228 227)
4(47 73 229 203)
4(72 228 229 73)
4(202 203 229 228)
4(48 74 230 204)
4(73 229 230 74)
4(203 204 230 229)
4(49 75 231 205)
4(74 230 231 75)
4(204 205 231 230)
4(50 76 232 206)
4(75 231 232 76)
4(205 206 232 231)
4(76 232 233 77)
4(206 207 233 232)
4(53 79 235 209)
4(78 234 235 79)
4(208 209 235 234)
4(54 80 236 210)
4(79 235 236 80)
4(209 210 236 235)
4(55 81 237 211)
4(80 236 237 81)
4(210 211 237 236)
4(56 82 238 212)
4(81 237 238 82)
4(211 212 238 237)
4(57 83 239 213)
4(82 238 239 83)
4(212 213 239 238)
4(58 84 240 214)
4(83 239 240 84)
4(213 214 240 239)
4(59 85 241 215)
4(84 240 241 85)
4(214 215 241 240)
4(60 86 242 216)
4(85 241 242 86)
4(215 216 242 241)
4(61 87 243 217)
4(86 242 243 87)
4(216 217 243 242)
4(62 88 244 218)
4(87 243 244 88)
4(217 218 244 243)
4(63 89 245 219)
4(88 244 245 89)
4(218 219 245 244)
4(64 90 246 220)
4(89 245 246 90)
4(219 220 246 245)
4(65 91 247 221)
4(90 246 247 91)
4(220 221 247 246)
4(66 92 248 222)
4(91 247 248 92)
4(221 222 248 247)
4(67 93 249 223)
4(92 248 249 93)
4(222 223 249 248)
4(68 94 250 224)
4(93 249 250 94)
4(223 224 250 249)
4(69 95 251 225)
4(94 250 251 95)
4(224 225 251 250)
4(70 96 252 226)
4(95 251 252 96)
4(225 226 252 251)
4(71 97 253 227)
4(96 252 253 97)
4(226 227 253 252)
4(72 98 254 228)
4(97 253 254 98)
4(227 228 254 253)
4(73 99 255 229)
4(98 254 255 99)
4(228 229 255 254)
4(74 100 256 230)
4(99 255 256 100)
4(229 230 256 255)
4(75 101 257 231)
4(100 256 257 101)
4(230 231 257 256)
4(76 102 258 232)
4(101 257 258 102)
4(231 232 258 257)
4(102 258 259 103)
4(232 233 259 258)
4(79 105 261 235)
4(104 260 261 105)
4(234 235 261 260)
4(80 106 262 236)
4(105 261 262 106)
4(235 236 262 261)
4(81 107 263 237)
4(106 262 263 107)
4(236 237 263 262)
4(82 108 264 238)
4(107 263 264 108)
4(237 238 264 263)
4(83 109 265 239)
4(108 264 265 109)
4(238 239 265 264)
4(84 110 266 240)
4(109 265 266 110)
4(239 240 266 265)
4(85 111 267 241)
4(110 266 267 111)
4(240 241 267 266)
4(86 112 268 242)
4(111 267 268 112)
4(241 242 268 267)
4(87 113 269 243)
4(112 268 269 113)
4(242 243 269 268)
4(88 114 270 244)
4(113 269 270 114)
4(243 244 270 269)
4(89 115 271 245)
4(114 270 271 115)
4(244 245 271 270)
4(90 116 272 246)
4(115 271 272 116)
4(245 246 272 271)
4(91 117 273 247)
4(116 272 273 117)
4(246 247 273 272)
4(92 118 274 248)
4(117 273 274 118)
4(247 248 274 273)
4(93 119 275 249)
4(118 274 275 119)
4(248 249 275 274)
4(94 120 276 250)
4(119 275 276 120)
4(249 250 276 275)
4(95 121 277 251)
4(120 276 277 121)
4(250 251 277 276)
4(96 122 278 252)
4(121 277 278 122)
4(251 252 278 277)
4(97 123 279 253)
4(122 278 279 123)
4(252 253 279 278)
4(98 124 280 254)
4(123 279 280 124)
4(253 254 280 279)
4(99 125 281 255)
4(124 280 281 125)
4(254 255 281 280)
4(100 126 282 256)
4(125 281 282 126)
4(255 256 282 281)
4(101 127 283 257)
4(126 282 283 127)
4(256 257 283 282)
4(102 128 284 258)
4(127 283 284 128)
4(257 258 284 283)
4(128 284 285 129)
4(258 259 285 284)
4(105 131 287 261)
4(260 261 287 286)
4(106 132 288 262)
4(261 262 288 287)
4(107 133 289 263)
4(262 263 289 288)
4(108 134 290 264)
4(263 264 290 289)
4(109 135 291 265)
4(264 265 291 290)
4(110 136 292 266)
4(265 266 292 291)
4(111 137 293 267)
4(266 267 293 292)
4(112 138 294 268)
4(267 268 294 293)
4(113 139 295 269)
4(268 269 295 294)
4(114 140 296 270)
4(269 270 296 295)
4(115 141 297 271)
4(270 271 297 296)
4(116 142 298 272)
4(271 272 298 297)
4(117 143 299 273)
4(272 273 299 298)
4(118 144 300 274)
4(273 274 300 299)
4(119 145 301 275)
4(274 275 301 300)
4(120 146 302 276)
4(275 276 302 301)
4(121 147 303 277)
4(276 277 303 302)
4(122 148 304 278)
4(277 278 304 303)
4(123 149 305 279)
4(278 279 305 304)
4(124 150 306 280)
4(279 280 306 305)
4(125 151 307 281)
4(280 281 307 306)
4(126 152 308 282)
4(281 282 308 307)
4(127 153 309 283)
4(282 283 309 308)
4(128 154 310 284)
4(283 284 310 309)
4(284 285 311 310)
4(157 183 339 313)
4(182 338 339 183)
4(312 313 339 338)
4(158 184 340 314)
4(183 339 340 184)
4(313 314 340 339)
4(159 185 341 315)
4(184 340 341 185)
4(314 315 341 340)
4(160 186 342 316)
4(185 341 342 186)
4(315 316 342 341)
4(161 187 343 317)
4(186 342 343 187)
4(316 317 343 342)
4(162 188 344 318)
4(187 343 344 188)
4(317 318 344 343)
4(163 189 345 319)
4(188 344 345 189)
4(318 319 345 344)
4(164 190 346 320)
4(189 345 346 190)
4(319 320 346 345)
4(165 191 347 321)
4(190 346 347 191)
4(320 321 347 346)
4(166 192 348 322)
4(191 347 348 192)
4(321 322 348 347)
4(167 193 349 323)
4(192 348 349 193)
4(322 323 349 348)
4(168 194 350 324)
4(193 349 350 194)
4(323 324 350 349)
4(169 195 351 325)
4(194 350 351 195)
4(324 325 351 350)
4(170 196 352 326)
4(195 351 352 196)
4(325 326 352 351)
4(171 197 353 327)
4(196 352 353 197)
4(326 327 353 352)
4(172 198 354 328)
4(197 353 354 198)
4(327 328 354 353)
4(173 199 355 329)
4(198 354 355 199)
4(328 329 355 354)
4(174 200 356 330)
4(199 355 356 200)
4(329 330 356 355)
4(175 201 357 331)
4(200 356 357 201)
4(330 331 357 356)
4(176 202 358 332)
4(201 357 358 202)
4(331 332 358 357)
4(177 203 359 333)
4(202 358 359 203)
4(332 333 359 358)
4(178 204 360 334)
4(203 359 360 204)
4(333 334 360 359)
4(179 205 361 335)
4(204 360 361 205)
4(334 335 361 360)
4(180 206 362 336)
4(205 361 362 206)
4(335 336 362 361)
4(206 362 363 207)
4(336 337 363 362)
4(183 209 365 339)
4(208 364 365 209)
4(338 339 365 364)
4(184 210 366 340)
4(209 365 366 210)
4(339 340 366 365)
4(185 211 367 341)
4(210 366 367 211)
4(340 341 367 366)
4(186 212 368 342)
4(211 367 368 212)
4(341 342 368 367)
4(187 213 369 343)
4(212 368 369 213)
4(342 343 369 368)
4(188 214 370 344)
4(213 369 370 214)
4(343 344 370 369)
4(189 215 371 345)
4(214 370 371 215)
4(344 345 371 370)
4(190 216 372 346)
4(215 371 372 216)
4(345 346 372 371)
4(191 217 373 347)
4(216 372 373 217)
4(346 347 373 372)
4(192 218 374 348)
4(217 373 374 218)
4(347 348 374 373)
4(193 219 375 349)
4(218 374 375 219)
4(348 349 375 374)
4(194 220 376 350)
4(219 375 376 220)
4(349 350 376 375)
4(195 221 377 351)
4(220 376 377 221)
4(350 351 377 376)
4(196 222 378 352)
4(221 377 378 222)
4(351 352 378 377)
4(197 223 379 353)
4(222 378 379 223)
4(352 353 379 378)
4(198 224 380 354)
4(223 379 380 224)
4(353 354 380 379)
4(199 225 381 355)
4(224 380 381 225)
4(354 355 381 380)
4(200 226 382 356)
4(225 381 382 226)
4(355 356 382 381)
4(201 227 383 357)
4(226 382 383 227)
4(356 357 383 382)
4(202 228 384 358)
4(227 383 384 228)
4(357 358 384 383)
4(203 229 385 359)
4(228 384 385 229)
4(358 359 385 384)
4(204 230 386 360)
4(229 385 386 230)
4(359 360 386 385)
4(205 231 387 361)
4(230 386 387 231)
4(360 361 387 386)
4(206 232 388 362)
4(231 387 388 232)
4(361 362 388 387)
4(232 388 389 233)
4(362 363 389 388)
4(209 235 391 365)
4(234 390 391 235)
4(364 365 391 390)
4(210 236 392 366)
4(235 391 392 236)
4(365 366 392 391)
4(211 237 393 367)
4(236 392 393 237)
4(366 367 393 392)
4(212 238 394 368)
4(237 393 394 238)
4(367 368 394 393)
4(213 239 395 369)
4(238 394 395 239)
4(368 369 395 394)
4(214 240 396 370)
4(239 395 396 240)
4(369 370 396 395)
4(215 241 397 371)
4(240 396 397 241)
4(370 371 397 396)
4(216 242 398 372)
4(241 397 398 242)
4(371 372 398 397)
4(217 243 399 373)
4(242 398 399 243)
4(372 373 399 398)
4(218 244 400 374)
4(243 399 400 244)
4(373 374 400 399)
4(219 245 401 375)
4(244 400 401 245)
4(374 375 401 400)
4(220 246 402 376)
4(245 401 402 246)
4(375 376 402 401)
4(221 247 403 377)
4(246 402 403 247)
4(376 377 403 402)
4(222 248 404 378)
4(247 403 404 248)
4(377 378 404 403)
4(223 249 405 379)
4(248 404 405 249)
4(378 379 405 404)
4(224 250 406 380)
4(249 405 406 250)
4(379 380 406 405)
4(225 251 407 381)
4(250 406 407 251)
4(380 381 407 406)
4(226 252 408 382)
4(251 407 408 252)
4(381 382 408 407)
4(227 253 409 383)
4(252 408 409 253)
4(382 383 409 408)
4(228 254 410 384)
4(253 409 410 254)
4(383 384 410 409)
4(229 255 411 385)
4(254 410 411 255)
4(384 385 411 410)
4(230 256 412 386)
4(255 411 412 256)
4(385 386 412 411)
4(231 257 413 387)
4(256 412 413 257)
4(386 387 413 412)
4(232 258 414 388)
4(257 413 414 258)
4(387 388 414 413)
4(258 414 415 259)
4(388 389 415 414)
4(235 261 417 391)
4(260 416 417 261)
4(390 391 417 416)
4(236 262 418 392)
4(261 417 418 262)
4(391 392 418 417)
4(237 263 419 393)
4(262 418 419 263)
4(392 393 419 418)
4(238 264 420 394)
4(263 419 420 264)
4(393 394 420 419)
4(239 265 421 395)
4(264 420 421 265)
4(394 395 421 420)
4(240 266 422 396)
4(265 421 422 266)
4(395 396 422 421)
4(241 267 423 397)
4(266 422 423 267)
4(396 397 423 422)
4(242 268 424 398)
4(267 423 424 268)
4(397 398 424 423)
4(243 269 425 399)
4(268 424 425 269)
4(398 399 425 424)
4(244 270 426 400)
4(269 425 426 270)
4(399 400 426 425)
4(245 271 427 401)
4(270 426 427 271)
4(400 401 427 426)
4(246 272 428 402)
4(271 427 428 272)
4(401 402 428 427)
4(247 273 429 403)
4(272 428 429 273)
4(402 403 429 428)
4(248 274 430 404)
4(273 429 430 274)
4(403 404 430 429)
4(249 275 431 405)
4(274 430 431 275)
4(404 405 431 430)
4(250 276 432 406)
4(275 431 432 276)
4(405 406 432 431)
4(251 277 433 407)
4(276 432 433 277)
4(406 407 433 432)
4(252 278 434 408)
4(277 433 434 278)
4(407 408 434 433)
4(253 279 435 409)
4(278 434 435 279)
4(408 409 435 434)
4(254 280 436 410)
4(279 435 436 280)
4(409 410 436 435)
4(255 281 437 411)
4(280 436 437 281)
4(410 411 437 436)
4(256 282 438 412)
4(281 437 438 282)
4(411 412 438 437)
4(257 283 439 413)
4(282 438 439 283)
4(412 413 439 438)
4(258 284 440 414)
4(283 439 440 284)
4(413 414 440 439)
4(284 440 441 285)
4(414 415 441 440)
4(261 287 443 417)
4(416 417 443 442)
4(262 288 444 418)
4(417 418 444 443)
4(263 289 445 419)
4(418 419 445 444)
4(264 290 446 420)
4(419 420 446 445)
4(265 291 447 421)
4(420 421 447 446)
4(266 292 448 422)
4(421 422 448 447)
4(267 293 449 423)
4(422 423 449 448)
4(268 294 450 424)
4(423 424 450 449)
4(269 295 451 425)
4(424 425 451 450)
4(270 296 452 426)
4(425 426 452 451)
4(271 297 453 427)
4(426 427 453 452)
4(272 298 454 428)
4(427 428 454 453)
4(273 299 455 429)
4(428 429 455 454)
4(274 300 456 430)
4(429 430 456 455)
4(275 301 457 431)
4(430 431 457 456)
4(276 302 458 432)
4(431 432 458 457)
4(277 303 459 433)
4(432 433 459 458)
4(278 304 460 434)
4(433 434 460 459)
4(279 305 461 435)
4(434 435 461 460)
4(280 306 462 436)
4(435 436 462 461)
4(281 307 463 437)
4(436 437 463 462)
4(282 308 464 438)
4(437 438 464 463)
4(283 309 465 439)
4(438 439 465 464)
4(284 310 466 440)
4(439 440 466 465)
4(440 441 467 466)
4(313 339 495 469)
4(338 494 495 339)
4(468 469 495 494)
4(314 340 496 470)
4(339 495 496 340)
4(469 470 496 495)
4(315 341 497 471)
4(340 496 497 341)
4(470 471 497 496)
4(316 342 498 472)
4(341 497 498 342)
4(471 472 498 497)
4(317 343 499 473)
4(342 498 499 343)
4(472 473 499 498)
4(318 344 500 474)
4(343 499 500 344)
4(473 474 500 499)
4(319 345 501 475)
4(344 500 501 345)
4(474 475 501 500)
4(320 346 502 476)
4(345 501 502 346)
4(475 476 502 501)
4(321 347 503 477)
4(346 502 503 347)
4(476 477 503 502)
4(322 348 504 478)
4(347 503 504 348)
4(477 478 504 503)
4(323 349 505 479)
4(348 504 505 349)
4(478 479 505 504)
4(324 350 506 480)
4(349 505 506 350)
4(479 480 506 505)
4(325 351 507 481)
4(350 506 507 351)
4(480 481 507 506)
4(326 352 508 482)
4(351 507 508 352)
4(481 482 508 507)
4(327 353 509 483)
4(352 508 509 353)
4(482 483 509 508)
4(328 354 510 484)
4(353 509 510 354)
4(483 484 510 509)
4(329 355 511 485)
4(354 510 511 355)
4(484 485 511 510)
4(330 356 512 486)
4(355 511 512 356)
4(485 486 512 511)
4(331 357 513 487)
4(356 512 513 357)
4(486 487 513 512)
4(332 358 514 488)
4(357 513 514 358)
4(487 488 514 513)
4(333 359 515 489)
4(358 514 515 359)
4(488 489 515 514)
4(334 360 516 490)
4(359 515 516 360)
4(489 490 516 515)
4(335 361 517 491)
4(360 516 517 361)
4(490 491 517 516)
4(336 362 518 492)
4(361 517 518 362)
4(491 492 518 517)
4(362 518 519 363)
4(492 493 519 518)
4(339 365 521 495)
4(364 520 521 365)
4(494 495 521 520)
4(340 366 522 496)
4(365 521 522 366)
4(495 496 522 521)
4(341 367 523 497)
4(366 522 523 367)
4(496 497 523 522)
4(342 368 524 498)
4(367 523 524 368)
4(497 498 524 523)
4(343 369 525 499)
4(368 524 525 369)
4(498 499 525 524)
4(344 370 526 500)
4(369 525 526 370)
4(499 500 526 525)
4(345 371 527 501)
4(370 526 527 371)
4(500 501 527 526)
4(346 372 528 502)
4(371 527 528 372)
4(501 502 528 527)
4(347 373 529 503)
4(372 528 529 373)
4(502 503 529 528)
4(348 374 530 504)
4(373 529 530 374)
4(503 504 530 529)
4(349 375 531 505)
4(374 530 531 375)
4(504 505 531 530)
4(350 376 532 506)
4(375 531 532 376)
4(505 506 532 531)
4(351 377 533 507)
4(376 532 533 377)
4(506 507 533 532)
4(352 378 534 508)
4(377 533 534 378)
4(507 508 534 533)
4(353 379 535 509)
4(378 534 535 379)
4(508 509 535 534)
4(354 380 536 510)
4(379 535 536 380)
4(509 510 536 535)
4(355 381 537 511)
4(380 536 537 381)
4(510 511 537 536)
4(356 382 538 512)
4(381 537 538 382)
4(511 512 538 537)
4(357 383 539 513)
4(382 538 539 383)
4(512 513 539 538)
4(358 384 540 514)
4(383 539 540 384)
4(513 514 540 539)
4(359 385 541 515)
4(384 540 541 385)
4(514 515 541 540)
4(360 386 542 516)
4(385 541 542 386)
4(515 516 542 541)
4(361 387 543 517)
4(386 542 543 387)
4(516 517 543 542)
4(362 388 544 518)
4(387 543 544 388)
4(517 518 544 543)
4(388 544 545 389)
4(518 519 545 544)
4(365 391 547 521)
4(390 546 547 391)
4(520 521 547 546)
4(366 392 548 522)
4(391 547 548 392)
4(521 522 548 547)
4(367 393 549 523)
4(392 548 549 393)
4(522 523 549 548)
4(368 394 550 524)
4(393 549 550 394)
4(523 524 550 549)
4(369 395 551 525)
4(394 550 551 395)
4(524 525 551 550)
4(370 396 552 526)
4(395 551 552 396)
4(525 526 552 551)
4(371 397 553 527)
4(396 552 553 397)
4(526 527 553 552)
4(372 398 554 528)
4(397 553 554 398)
4(527 528 554 553)
4(373 399 555 529)
4(398 554 555 399)
4(528 529 555 554)
4(374 400 556 530)
4(399 555 556 400)
4(529 530 556 555)
4(375 401 557 531)
4(400 556 557 401)
4(530 531 557 556)
4(376 402 558 532)
4(401 557 558 402)
4(531 532 558 557)
4(377 403 559 533)
4(402 558 559 403)
4(532 533 559 558)
4(378 404 560 534)
4(403 559 560 404)
4(533 534 560 559)
4(379 405 561 535)
4(404 560 561 405)
4(534 535 561 560)
4(380 406 562 536)
4(405 561 562 406)
4(535 536 562 561)
4(381 407 563 537)
4(406 562 563 407)
4(536 537 563 562)
4(382 408 564 538)
4(407 563 564 408)
4(537 538 564 563)
4(383 409 565 539)
4(408 564 565 409)
4(538 539 565 564)
4(384 410 566 540)
4(409 565 566 410)
4(539 540 566 565)
4(385 411 567 541)
4(410 566 567 411)
4(540 541 567 566)
4(386 412 568 542)
4(411 567 568 412)
4(541 542 568 567)
4(387 413 569 543)
4(412 568 569 413)
4(542 543 569 568)
4(388 414 570 544)
4(413 569 570 414)
4(543 544 570 569)
4(414 570 571 415)
4(544 545 571 570)
4(391 417 573 547)
4(416 572 573 417)
4(546 547 573 572)
4(392 418 574 548)
4(417 573 574 418)
4(547 548 574 573)
4(393 419 575 549)
4(418 574 575 419)
4(548 549 575 574)
4(394 420 576 550)
4(419 575 576 420)
4(549 550 576 575)
4(395 421 577 551)
4(420 576 577 421)
4(550 551 577 576)
4(396 422 578 552)
4(421 577 578 422)
4(551 552 578 577)
4(397 423 579 553)
4(422 578 579 423)
4(552 553 579 578)
4(398 424 580 554)
4(423 579 580 424)
4(553 554 580 579)
4(399 425 581 555)
4(424 580 581 425)
4(554 555 581 580)
4(400 426 582 556)
4(425 581 582 426)
4(555 556 582 581)
4(401 427 583 557)
4(426 582 583 427)
4(556 557 583 582)
4(402 428 584 558)
4(427 583 584 428)
4(557 558 584 583)
4(403 429 585 559)
4(428 584 585 429)
4(558 559 585 584)
4(404 430 586 560)
4(429 585 586 430)
4(559 560 586 585)
4(405 431 587 561)
4(430 586 587 431)
4(560 561 587 586)
4(406 432 588 562)
4(431 587 588 432)
4(561 562 588 587)
4(407 433 589 563)
4(432 588 589 433)
4(562 563 589 588)
4(408 434 590 564)
4(433 589 590 434)
4(563 564 590 589)
4(409 435 591 565)
4(434 590 591 435)
4(564 565 591 590)
4(410 436 592 566)
4(435 591 592 436)
4(565 566 592 591)
4(411 437 593 567)
4(436 592 593 437)
4(566 567 593 592)
4(412 438 594 568)
4(437 593 594 438)
4(567 568 594 593)
4(413 439 595 569)
4(438 594 595 439)
4(568 569 595 594)
4(414 440 596 570)
4(439 595 596 440)
4(569 570 596 595)
4(440 596 597 441)
4(570 571 597 596)
4(417 443 599 573)
4(572 573 599 598)
4(418 444 600 574)
4(573 574 600 599)
4(419 445 601 575)
4(574 575 601 600)
4(420 446 602 576)
4(575 576 602 601)
4(421 447 603 577)
4(576 577 603 602)
4(422 448 604 578)
4(577 578 604 603)
4(423 449 605 579)
4(578 579 605 604)
4(424 450 606 580)
4(579 580 606 605)
4(425 451 607 581)
4(580 581 607 606)
4(426 452 608 582)
4(581 582 608 607)
4(427 453 609 583)
4(582 583 609 608)
4(428 454 610 584)
4(583 584 610 609)
4(429 455 611 585)
4(584 585 611 610)
4(430 456 612 586)
4(585 586 612 611)
4(431 457 613 587)
4(586 587 613 612)
4(432 458 614 588)
4(587 588 614 613)
4(433 459 615 589)
4(588 589 615 614)
4(434 460 616 590)
4(589 590 616 615)
4(435 461 617 591)
4(590 591 617 616)
4(436 462 618 592)
4(591 592 618 617)
4(437 463 619 593)
4(592 593 619 618)
4(438 464 620 594)
4(593 594 620 619)
4(439 465 621 595)
4(594 595 621 620)
4(440 466 622 596)
4(595 596 622 621)
4(596 597 623 622)
4(469 495 651 625)
4(494 650 651 495)
4(624 625 651 650)
4(470 496 652 626)
4(495 651 652 496)
4(625 626 652 651)
4(471 497 653 627)
4(496 652 653 497)
4(626 627 653 652)
4(472 498 654 628)
4(497 653 654 498)
4(627 628 654 653)
4(473 499 655 629)
4(498 654 655 499)
4(628 629 655 654)
4(474 500 656 630)
4(499 655 656 500)
4(629 630 656 655)
4(475 501 657 631)
4(500 656 657 501)
4(630 631 657 656)
4(476 502 658 632)
4(501 657 658 502)
4(631 632 658 657)
4(477 503 659 633)
4(502 658 659 503)
4(632 633 659 658)
4(478 504 660 634)
4(503 659 660 504)
4(633 634 660 659)
4(479 505 661 635)
4(504 660 661 505)
4(634 635 661 660)
4(480 506 662 636)
4(505 661 662 506)
4(635 636 662 661)
4(481 507 663 637)
4(506 662 663 507)
4(636 637 663 662)
4(482 508 664 638)
4(507 663 664 508)
4(637 638 664 663)
4(483 509 665 639)
4(508 664 665 509)
4(638 639 665 664)
4(484 510 666 640)
4(509 665 666 510)
4(639 640 666 665)
4(485 511 667 641)
4(510 666 667 511)
4(640 641 667 666)
4(486 512 668 642)
4(511 667 668 512)
4(641 642 668 667)
4(487 513 669 643)
4(512 668 669 513)
4(642 643 669 668)
4(488 514 670 644)
4(513 669 670 514)
4(643 644 670 669)
4(489 515 671 645)
4(514 670 671 515)
4(644 645 671 670)
4(490 516 672 646)
4(515 671 672 516)
4(645 646 672 671)
4(491 517 673 647)
4(516 672 673 517)
4(646 647 673 672)
4(492 518 674 648)
4(517 673 674 518)
4(647 648 674 673)
4(518 674 675 519)
4(648 649 675 674)
4(495 521 677 651)
4(520 676 677 521)
4(650 651 677 676)
4(496 522 678 652)
4(521 677 678 522)
4(651 652 678 677)
4(497 523 679 653)
4(522 678 679 523)
4(652 653 679 678)
4(498 524 680 654)
4(523 679 680 524)
4(653 654 680 679)
4(499 525 681 655)
4(524 680 681 525)
4(654 655 681 680)
4(500 526 682 656)
4(525 681 682 526)
4(655 656 682 681)
4(501 527 683 657)
4(526 682 683 527)
4(656 657 683 682)
4(502 528 684 658)
4(527 683 684 528)
4(657 658 684 683)
4(503 529 685 659)
4(528 684 685 529)
4(658 659 685 684)
4(504 530 686 660)
4(529 685 686 530)
4(659 660 686 685)
4(505 531 687 661)
4(530 686 687 531)
4(660 661 687 686)
4(506 532 688 662)
4(531 687 688 532)
4(661 662 688 687)
4(507 533 689 663)
4(532 688 689 533)
4(662 663 689 688)
4(508 534 690 664)
4(533 689 690 534)
4(663 664 690 689)
4(509 535 691 665)
4(534 690 691 535)
4(664 665 691 690)
4(510 536 692 666)
4(535 691 692 536)
4(665 666 692 691)
4(511 537 693 667)
4(536 692 693 537)
4(666 667 693 692)
4(512 538 694 668)
4(537 693 694 538)
4(667 668 694 693)
4(513 539 695 669)
4(538 694 695 539)
4(668 669 695 694)
4(514 540 696 670)
4(539 695 696 540)
4(669 670 696 695)
4(515 541 697 671)
4(540 696 697 541)
4(670 671 697 696)
4(516 542 698 672)
4(541 697 698 542)
4(671 672 698 697)
4(517 543 699 673)
4(542 698 699 543)
4(672 673 699 698)
4(518 544 700 674)
4(543 699 700 544)
4(673 674 700 699)
4(544 700 701 545)
4(674 675 701 700)
4(521 547 703 677)
4(546 702 703 547)
4(676 677 703 702)
4(522 548 704 678)
4(547 703 704 548)
4(677 678 704 703)
4(523 549 705 679)
4(548 704 705 549)
4(678 679 705 704)
4(524 550 706 680)
4(549 705 706 550)
4(679 680 706 705)
4(525 551 707 681)
4(550 706 707 551)
4(680 681 707 706)
4(526 552 708 682)
4(551 707 708 552)
4(681 682 708 707)
4(527 553 709 683)
4(552 708 709 553)
4(682 683 709 708)
4(528 554 710 684)
4(553 709 710 554)
4(683 684 710 709)
4(529 555 711 685)
4(554 710 711 555)
4(684 685 711 710)
4(530 556 712 686)
4(555 711 712 556)
4(685 686 712 711)
4(531 557 713 687)
4(556 712 713 557)
4(686 687 713 712)
4(532 558 714 688)
4(557 713 714 558)
4(687 688 714 713)
4(533 559 715 689)
4(558 714 715 559)
4(688 689 715 714)
4(534 560 716 690)
4(559 715 716 560)
4(689 690 716 715)
4(535 561 717 691)
4(560 716 717 561)
4(690 691 717 716)
4(536 562 718 692)
4(561 717 718 562)
4(691 692 718 717)
4(537 563 719 693)
4(562 718 719 563)
4(692 693 719 718)
4(538 564 720 694)
4(563 719 720 564)
4(693 694 720 719)
4(539 565 721 695)
4(564 720 721 565)
4(694 695 721 720)
4(540 566 722 696)
4(565 721 722 566)
4(695 696 722 721)
4(541 567 723 697)
4(566 722 723 567)
4(696 697 723 722)
4(542 568 724 698)
4(567 723 724 568)
4(697 698 724 723)
4(543 569 725 699)
4(568 724 725 569)
4(698 699 725 724)
4(544 570 726 700)
4(569 725 726 570)
4(699 700 726 725)
4(570 726 727 571)
4(700 701 727 726)
4(547 573 729 703)
4(572 728 729 573)
4(702 703 729 728)
4(548 574 730 704)
4(573 729 730 574)
4(703 704 730 729)
4(549 575 731 705)
4(574 730 731 575)
4(704 705 731 730)
4(550 576 732 706)
4(575 731 732 576)
4(705 706 732 731)
4(551 577 733 707)
4(576 732 733 577)
4(706 707 733 732)
4(552 578 734 708)
4(577 733 734 578)
4(707 708 734 733)
4(553 579 735 709)
4(578 734 735 579)
4(708 709 735 734)
4(554 580 736 710)
4(579 735 736 580)
4(709 710 736 735)
4(555 581 737 711)
4(580 736 737 581)
4(710 711 737 736)
4(556 582 738 712)
4(581 737 738 582)
4(711 712 738 737)
4(557 583 739 713)
4(582 738 739 583)
4(712 713 739 738)
4(558 584 740 714)
4(583 739 740 584)
4(713 714 740 739)
4(559 585 741 715)
4(584 740 741 585)
4(714 715 741 740)
4(560 586 742 716)
4(585 741 742 586)
4(715 716 742 741)
4(561 587 743 717)
4(586 742 743 587)
4(716 717 743 742)
4(562 588 744 718)
4(587 743 744 588)
4(717 718 744 743)
4(563 589 745 719)
4(588 744 745 589)
4(718 719 745 744)
4(564 590 746 720)
4(589 745 746 590)
4(719 720 746 745)
4(565 591 747 721)
4(590 746 747 591)
4(720 721 747 746)
4(566 592 748 722)
4(591 747 748 592)
4(721 722 748 747)
4(567 593 749 723)
4(592 748 749 593)
4(722 723 749 748)
4(568 594 750 724)
4(593 749 750 594)
4(723 724 750 749)
4(569 595 751 725)
4(594 750 751 595)
4(724 725 751 750)
4(570 596 752 726)
4(595 751 752 596)
4(725 726 752 751)
4(596 752 753 597)
4(726 727 753 752)
4(573 599 755 729)
4(728 729 755 754)
4(574 600 756 730)
4(729 730 756 755)
4(575 601 757 731)
4(730 731 757 756)
4(576 602 758 732)
4(731 732 758 757)
4(577 603 759 733)
4(732 733 759 758)
4(578 604 760 734)
4(733 734 760 759)
4(579 605 761 735)
4(734 735 761 760)
4(580 606 762 736)
4(735 736 762 761)
4(581 607 763 737)
4(736 737 763 762)
4(582 608 764 738)
4(737 738 764 763)
4(583 609 765 739)
4(738 739 765 764)
4(584 610 766 740)
4(739 740 766 765)
4(585 611 767 741)
4(740 741 767 766)
4(586 612 768 742)
4(741 742 768 767)
4(587 613 769 743)
4(742 743 769 768)
4(588 614 770 744)
4(743 744 770 769)
4(589 615 771 745)
4(744 745 771 770)
4(590 616 772 746)
4(745 746 772 771)
4(591 617 773 747)
4(746 747 773 772)
4(592 618 774 748)
4(747 748 774 773)
4(593 619 775 749)
4(748 749 775 774)
4(594 620 776 750)
4(749 750 776 775)
4(595 621 777 751)
4(750 751 777 776)
4(596 622 778 752)
4(751 752 778 777)
4(752 753 779 778)
4(625 651 807 781)
4(650 806 807 651)
4(626 652 808 782)
4(651 807 808 652)
4(627 653 809 783)
4(652 808 809 653)
4(628 654 810 784)
4(653 809 810 654)
4(629 655 811 785)
4(654 810 811 655)
4(630 656 812 786)
4(655 811 812 656)
4(631 657 813 787)
4(656 812 813 657)
4(632 658 814 788)
4(657 813 814 658)
4(633 659 815 789)
4(658 814 815 659)
4(634 660 816 790)
4(659 815 816 660)
4(635 661 817 791)
4(660 816 817 661)
4(636 662 818 792)
4(661 817 818 662)
4(637 663 819 793)
4(662 818 819 663)
4(638 664 820 794)
4(663 819 820 664)
4(639 665 821 795)
4(664 820 821 665)
4(640 666 822 796)
4(665 821 822 666)
4(641 667 823 797)
4(666 822 823 667)
4(642 668 824 798)
4(667 823 824 668)
4(643 669 825 799)
4(668 824 825 669)
4(644 670 826 800)
4(669 825 826 670)
4(645 671 827 801)
4(670 826 827 671)
4(646 672 828 802)
4(671 827 828 672)
4(647 673 829 803)
4(672 828 829 673)
4(648 674 830 804)
4(673 829 830 674)
4(674 830 831 675)
4(651 677 833 807)
4(676 832 833 677)
4(652 678 834 808)
4(677 833 834 678)
4(653 679 835 809)
4(678 834 835 679)
4(654 680 836 810)
4(679 835 836 680)
4(655 681 837 811)
4(680 836 837 681)
4(656 682 838 812)
4(681 837 838 682)
4(657 683 839 813)
4(682 838 839 683)
4(658 684 840 814)
4(683 839 840 684)
4(659 685 841 815)
4(684 840 841 685)
4(660 686 842 816)
4(685 841 842 686)
4(661 687 843 817)
4(686 842 843 687)
4(662 688 844 818)
4(687 843 844 688)
4(663 689 845 819)
4(688 844 845 689)
4(664 690 846 820)
4(689 845 846 690)
4(665 691 847 821)
4(690 846 847 691)
4(666 692 848 822)
4(691 847 848 692)
4(667 693 849 823)
4(692 848 849 693)
4(668 694 850 824)
4(693 849 850 694)
4(669 695 851 825)
4(694 850 851 695)
4(670 696 852 826)
4(695 851 852 696)
4(671 697 853 827)
4(696 852 853 697)
4(672 698 854 828)
4(697 853 854 698)
4(673 699 855 829)
4(698 854 855 699)
4(674 700 856 830)
4(699 855 856 700)
4(700 856 857 701)
4(677 703 859 833)
4(702 858 859 703)
4(678 704 860 834)
4(703 859 860 704)
4(679 705 861 835)
4(704 860 861 705)
4(680 706 862 836)
4(705 861 862 706)
4(681 707 863 837)
4(706 862 863 707)
4(682 708 864 838)
4(707 863 864 708)
4(683 709 865 839)
4(708 864 865 709)
4(684 710 866 840)
4(709 865 866 710)
4(685 711 867 841)
4(710 866 867 711)
4(686 712 868 842)
4(711 867 868 712)
4(687 713 869 843)
4(712 868 869 713)
4(688 714 870 844)
4(713 869 870 714)
4(689 715 871 845)
4(714 870 871 715)
4(690 716 872 846)
4(715 871 872 716)
4(691 717 873 847)
4(716 872 873 717)
4(692 718 874 848)
4(717 873 874 718)
4(693 719 875 849)
4(718 874 875 719)
4(694 720 876 850)
4(719 875 876 720)
4(695 721 877 851)
4(720 876 877 721)
4(696 722 878 852)
4(721 877 878 722)
4(697 723 879 853)
4(722 878 879 723)
4(698 724 880 854)
4(723 879 880 724)
4(699 725 881 855)
4(724 880 881 725)
4(700 726 882 856)
4(725 881 882 726)
4(726 882 883 727)
4(703 729 885 859)
4(728 884 885 729)
4(704 730 886 860)
4(729 885 886 730)
4(705 731 887 861)
4(730 886 887 731)
4(706 732 888 862)
4(731 887 888 732)
4(707 733 889 863)
4(732 888 889 733)
4(708 734 890 864)
4(733 889 890 734)
4(709 735 891 865)
4(734 890 891 735)
4(710 736 892 866)
4(735 891 892 736)
4(711 737 893 867)
4(736 892 893 737)
4(712 738 894 868)
4(737 893 894 738)
4(713 739 895 869)
4(738 894 895 739)
4(714 740 896 870)
4(739 895 896 740)
4(715 741 897 871)
4(740 896 897 741)
4(716 742 898 872)
4(741 897 898 742)
4(717 743 899 873)
4(742 898 899 743)
4(718 744 900 874)
4(743 899 900 744)
4(719 745 901 875)
4(744 900 901 745)
4(720 746 902 876)
4(745 901 902 746)
4(721 747 903 877)
4(746 902 903 747)
4(722 748 904 878)
4(747 903 904 748)
4(723 749 905 879)
4(748 904 905 749)
4(724 750 906 880)
4(749 905 906 750)
4(725 751 907 881)
4(750 906 907 751)
4(726 752 908 882)
4(751 907 908 752)
4(752 908 909 753)
4(729 755 911 885)
4(730 756 912 886)
4(731 757 913 887)
4(732 758 914 888)
4(733 759 915 889)
4(734 760 916 890)
4(735 761 917 891)
4(736 762 918 892)
4(737 763 919 893)
4(738 764 920 894)
4(739 765 921 895)
4(740 766 922 896)
4(741 767 923 897)
4(742 768 924 898)
4(743 769 925 899)
4(744 770 926 900)
4(745 771 927 901)
4(746 772 928 902)
4(747 773 929 903)
4(748 774 930 904)
4(749 775 931 905)
4(750 776 932 906)
4(751 777 933 907)
4(752 778 934 908)
4(0 156 182 26)
4(26 182 208 52)
4(52 208 234 78)
4(78 234 260 104)
4(104 260 286 130)
4(156 312 338 182)
4(182 338 364 208)
4(208 364 390 234)
4(234 390 416 260)
4(260 416 442 286)
4(312 468 494 338)
4(338 494 520 364)
4(364 520 546 390)
4(390 546 572 416)
4(416 572 598 442)
4(468 624 650 494)
4(494 650 676 520)
4(520 676 702 546)
4(546 702 728 572)
4(572 728 754 598)
4(624 780 806 650)
4(650 806 832 676)
4(676 832 858 702)
4(702 858 884 728)
4(728 884 910 754)
4(0 26 27 1)
4(26 52 53 27)
4(52 78 79 53)
4(78 104 105 79)
4(104 130 131 105)
4(1 27 28 2)
4(27 53 54 28)
4(53 79 80 54)
4(79 105 106 80)
4(105 131 132 106)
4(2 28 29 3)
4(28 54 55 29)
4(54 80 81 55)
4(80 106 107 81)
4(106 132 133 107)
4(3 29 30 4)
4(29 55 56 30)
4(55 81 82 56)
4(81 107 108 82)
4(107 133 134 108)
4(4 30 31 5)
4(30 56 57 31)
4(56 82 83 57)
4(82 108 109 83)
4(108 134 135 109)
4(5 31 32 6)
4(31 57 58 32)
4(57 83 84 58)
4(83 109 110 84)
4(109 135 136 110)
4(6 32 33 7)
4(32 58 59 33)
4(58 84 85 59)
4(84 110 111 85)
4(110 136 137 111)
4(7 33 34 8)
4(33 59 60 34)
4(59 85 86 60)
4(85 111 112 86)
4(111 137 138 112)
4(8 34 35 9)
4(34 60 61 35)
4(60 86 87 61)
4(86 112 113 87)
4(112 138 139 113)
4(9 35 36 10)
4(35 61 62 36)
4(61 87 88 62)
4(87 113 114 88)
4(113 139 140 114)
4(10 36 37 11)
4(36 62 63 37)
4(62 88 89 63)
4(88 114 115 89)
4(114 140 141 115)
4(11 37 38 12)
4(37 63 64 38)
4(63 89 90 64)
4(89 115 116 90)
4(115 141 142 116)
4(12 38 39 13)
4(38 64 65 39)
4(64 90 91 65)
4(90 116 117 91)
4(116 142 143 117)
4(13 39 40 14)
4(39 65 66 40)
4(65 91 92 66)
4(91 117 118 92)
4(117 143 144 118)
4(14 40 41 15)
4(40 66 67 41)
4(66 92 93 67)
4(92 118 119 93)
4(118 144 145 119)
4(15 41 42 16)
4(41 67 68 42)
4(67 93 94 68)
4(93 119 120 94)
4(119 145 146 120)
4(16 42 43 17)
4(42 68 69 43)
4(68 94 95 69)
4(94 120 121 95)
4(120 146 147 121)
4(17 43 44 18)
4(43 69 70 44)
4(69 95 96 70)
4(95 121 122 96)
4(121 147 148 122)
4(18 44 45 19)
4(44 70 71 45)
4(70 96 97 71)
4(96 122 123 97)
4(122 148 149 123)
4(19 45 46 20)
4(45 71 72 46)
4(71 97 98 72)
4(97 123 124 98)
4(123 149 150 124)
4(20 46 47 21)
4(46 72 73 47)
4(72 98 99 73)
4(98 124 125 99)
4(124 150 151 125)
4(21 47 48 22)
4(47 73 74 48)
4(73 99 100 74)
4(99 125 126 100)
4(125 151 152 126)
4(22 48 49 23)
4(48 74 75 49)
4(74 100 101 75)
4(100 126 127 101)
4(126 152 153 127)
4(23 49 50 24)
4(49 75 76 50)
4(75 101 102 76)
4(101 127 128 102)
4(127 153 154 128)
4(24 50 51 25)
4(50 76 77 51)
4(76 102 103 77)
4(102 128 129 103)
4(128 154 155 129)
4(130 286 287 131)
4(286 442 443 287)
4(442 598 599 443)
4(598 754 755 599)
4(754 910 911 755)
4(131 287 288 132)
4(287 443 444 288)
4(443 599 600 444)
4(599 755 756 600)
4(755 911 912 756)
4(132 288 289 133)
4(288 444 445 289)
4(444 600 601 445)
4(600 756 757 601)
4(756 912 913 757)
4(133 289 290 134)
4(289 445 446 290)
4(445 601 602 446)
4(601 757 758 602)
4(757 913 914 758)
4(134 290 291 135)
4(290 446 447 291)
4(446 602 603 447)
4(602 758 759 603)
4(758 914 915 759)
4(135 291 292 136)
4(291 447 448 292)
4(447 603 604 448)
4(603 759 760 604)
4(759 915 916 760)
4(136 292 293 137)
4(292 448 449 293)
4(448 604 605 449)
4(604 760 761 605)
4(760 916 917 761)
4(137 293 294 138)
4(293 449 450 294)
4(449 605 606 450)
4(605 761 762 606)
4(761 917 918 762)
4(138 294 295 139)
4(294 450 451 295)
4(450 606 607 451)
4(606 762 763 607)
4(762 918 919 763)
4(139 295 296 140)
4(295 451 452 296)
4(451 607 608 452)
4(607 763 764 608)
4(763 919 920 764)
4(140 296 297 141)
4(296 452 453 297)
4(452 608 609 453)
4(608 764 765 609)
4(764 920 921 765)
4(141 297 298 142)
4(297 453 454 298)
4(453 609 610 454)
4(609 765 766 610)
4(765 921 922 766)
4(142 298 299 143)
4(298 454 455 299)
4(454 610 611 455)
4(610 766 767 611)
4(766 922 923 767)
4(143 299 300 144)
4(299 455 456 300)
4(455 611 612 456)
4(611 767 768 612)
4(767 923 924 768)
4(144 300 301 145)
4(300 456 457 301)
4(456 612 613 457)
4(612 768 769 613)
4(768 924 925 769)
4(145 301 302 146)
4(301 457 458 302)
4(457 613 614 458)
4(613 769 770 614)
4(769 925 926 770)
4(146 302 303 147)
4(302 458 459 303)
4(458 614 615 459)
4(614 770 771 615)
4(770 926 927 771)
4(147 303 304 148)
4(303 459 460 304)
4(459 615 616 460)
4(615 771 772 616)
4(771 927 928 772)
4(148 304 305 149)
4(304 460 461 305)
4(460 616 617 461)
4(616 772 773 617)
4(772 928 929 773)
4(149 305 306 150)
4(305 461 462 306)
4(461 617 618 462)
4(617 773 774 618)
4(773 929 930 774)
4(150 306 307 151)
4(306 462 463 307)
4(462 618 619 463)
4(618 774 775 619)
4(774 930 931 775)
4(151 307 308 152)
4(307 463 464 308)
4(463 619 620 464)
4(619 775 776 620)
4(775 931 932 776)
4(152 308 309 153)
4(308 464 465 309)
4(464 620 621 465)
4(620 776 777 621)
4(776 932 933 777)
4(153 309 310 154)
4(309 465 466 310)
4(465 621 622 466)
4(621 777 778 622)
4(777 933 934 778)
4(154 310 311 155)
4(310 466 467 311)
4(466 622 623 467)
4(622 778 779 623)
4(778 934 935 779)
4(780 781 807 806)
4(806 807 833 832)
4(832 833 859 858)
4(858 859 885 884)
4(884 885 911 910)
4(781 782 808 807)
4(807 808 834 833)
4(833 834 860 859)
4(859 860 886 885)
4(885 886 912 911)
4(782 783 809 808)
4(808 809 835 834)
4(834 835 861 860)
4(860 861 887 886)
4(886 887 913 912)
4(783 784 810 809)
4(809 810 836 835)
4(835 836 862 861)
4(861 862 888 887)
4(887 888 914 913)
4(784 785 811 810)
4(810 811 837 836)
4(836 837 863 862)
4(862 863 889 888)
4(888 889 915 914)
4(785 786 812 811)
4(811 812 838 837)
4(837 838 864 863)
4(863 864 890 889)
4(889 890 916 915)
4(786 787 813 812)
4(812 813 839 838)
4(838 839 865 864)
4(864 865 891 890)
4(890 891 917 916)
4(787 788 814 813)
4(813 814 840 839)
4(839 840 866 865)
4(865 866 892 891)
4(891 892 918 917)
4(788 789 815 814)
4(814 815 841 840)
4(840 841 867 866)
4(866 867 893 892)
4(892 893 919 918)
4(789 790 816 815)
4(815 816 842 841)
4(841 842 868 867)
4(867 868 894 893)
4(893 894 920 919)
4(790 791 817 816)
4(816 817 843 842)
4(842 843 869 868)
4(868 869 895 894)
4(894 895 921 920)
4(791 792 818 817)
4(817 818 844 843)
4(843 844 870 869)
4(869 870 896 895)
4(895 896 922 921)
4(792 793 819 818)
4(818 819 845 844)
4(844 845 871 870)
4(870 871 897 896)
4(896 897 923 922)
4(793 794 820 819)
4(819 820 846 845)
4(845 846 872 871)
4(871 872 898 897)
4(897 898 924 923)
4(794 795 821 820)
4(820 821 847 846)
4(846 847 873 872)
4(872 873 899 898)
4(898 899 925 924)
4(795 796 822 821)
4(821 822 848 847)
4(847 848 874 873)
4(873 874 900 899)
4(899 900 926 925)
4(796 797 823 822)
4(822 823 849 848)
4(848 849 875 874)
4(874 875 901 900)
4(900 901 927 926)
4(797 798 824 823)
4(823 824 850 849)
4(849 850 876 875)
4(875 876 902 901)
4(901 902 928 927)
4(798 799 825 824)
4(824 825 851 850)
4(850 851 877 876)
4(876 877 903 902)
4(902 903 929 928)
4(799 800 826 825)
4(825 826 852 851)
4(851 852 878 877)
4(877 878 904 903)
4(903 904 930 929)
4(800 801 827 826)
4(826 827 853 852)
4(852 853 879 878)
4(878 879 905 904)
4(904 905 931 930)
4(801 802 828 827)
4(827 828 854 853)
4(853 854 880 879)
4(879 880 906 905)
4(905 906 932 931)
4(802 803 829 828)
4(828 829 855 854)
4(854 855 881 880)
4(880 881 907 906)
4(906 907 933 932)
4(803 804 830 829)
4(829 830 856 855)
4(855 856 882 881)
4(881 882 908 907)
4(907 908 934 933)
4(804 805 831 830)
4(830 831 857 856)
4(856 857 883 882)
4(882 883 909 908)
4(908 909 935 934)
4(0 1 157 156)
4(156 157 313 312)
4(312 313 469 468)
4(468 469 625 624)
4(624 625 781 780)
4(1 2 158 157)
4(157 158 314 313)
4(313 314 470 469)
4(469 470 626 625)
4(625 626 782 781)
4(2 3 159 158)
4(158 159 315 314)
4(314 315 471 470)
4(470 471 627 626)
4(626 627 783 782)
4(3 4 160 159)
4(159 160 316 315)
4(315 316 472 471)
4(471 472 628 627)
4(627 628 784 783)
4(4 5 161 160)
4(160 161 317 316)
4(316 317 473 472)
4(472 473 629 628)
4(628 629 785 784)
4(5 6 162 161)
4(161 162 318 317)
4(317 318 474 473)
4(473 474 630 629)
4(629 630 786 785)
4(6 7 163 162)
4(162 163 319 318)
4(318 319 475 474)
4(474 475 631 630)
4(630 631 787 786)
4(7 8 164 163)
4(163 164 320 319)
4(319 320 476 475)
4(475 476 632 631)
4(631 632 788 787)
4(8 9 165 164)
4(164 165 321 320)
4(320 321 477 476)
4(476 477 633 632)
4(632 633 789 788)
4(9 10 166 165)
4(165 166 322 321)
4(321 322 478 477)
4(477 478 634 633)
4(633 634 790 789)
4(10 11 167 166)
4(166 167 323 322)
4(322 323 479 478)
4(478 479 635 634)
4(634 635 791 790)
4(11 12 168 167)
4(167 168 324 323)
4(323 324 480 479)
4(479 480 636 635)
4(635 636 792 791)
4(12 13 169 168)
4(168 169 325 324)
4(324 325 481 480)
4(480 481 637 636)
4(636 637 793 792)
4(13 14 170 169)
4(169 170 326 325)
4(325 326 482 481)
4(481 482 638 637)
4(637 638 794 793)
4(14 15 171 170)
4(170 171 327 326)
4(326 327 483 482)
4(482 483 639 638)
4(638 639 795 794)
4(15 16 172 171)
4(171 172 328 327)
4(327 328 484 483)
4(483 484 640 639)
4(639 640 796 795)
4(16 17 173 172)
4(172 173 329 328)
4(328 329 485 484)
4(484 485 641 640)
4(640 641 797 796)
4(17 18 174 173)
4(173 174 330 329)
4(329 330 486 485)
4(485 486 642 641)
4(641 642 798 797)
4(18 19 175 174)
4(174 175 331 330)
4(330 331 487 486)
4(486 487 643 642)
4(642 643 799 798)
4(19 20 176 175)
4(175 176 332 331)
4(331 332 488 487)
4(487 488 644 643)
4(643 644 800 799)
4(20 21 177 176)
4(176 177 333 332)
4(332 333 489 488)
4(488 489 645 644)
4(644 645 801 800)
4(21 22 178 177)
4(177 178 334 333)
4(333 334 490 489)
4(489 490 646 645)
4(645 646 802 801)
4(22 23 179 178)
4(178 179 335 334)
4(334 335 491 490)
4(490 491 647 646)
4(646 647 803 802)
4(23 24 180 179)
4(179 180 336 335)
4(335 336 492 491)
4(491 492 648 647)
4(647 648 804 803)
4(24 25 181 180)
4(180 181 337 336)
4(336 337 493 492)
4(492 493 649 648)
4(648 649 805 804)
4(25 51 207 181)
4(51 77 233 207)
4(77 103 259 233)
4(103 129 285 259)
4(129 155 311 285)
4(181 207 363 337)
4(207 233 389 363)
4(233 259 415 389)
4(259 285 441 415)
4(285 311 467 441)
4(337 363 519 493)
4(363 389 545 519)
4(389 415 571 545)
4(415 441 597 571)
4(441 467 623 597)
4(493 519 675 649)
4(519 545 701 675)
4(545 571 727 701)
4(571 597 753 727)
4(597 623 779 753)
4(649 675 831 805)
4(675 701 857 831)
4(701 727 883 857)
4(727 753 909 883)
4(753 779 935 909)
)


// ************************************************************************* //
