/*--------------------------------*- C++ -*----------------------------------*\
  =========                 |
  \\      /  F ield         | OpenFOAM: The Open Source CFD Toolbox
   \\    /   O peration     | Website:  https://openfoam.org
    \\  /    A nd           | Version:  6
     \\/     M anipulation  |
\*---------------------------------------------------------------------------*/
FoamFile
{
    version     2.0;
    format      ascii;
    class       labelList;
    note        "nPoints: 936 nCells: 625 nFaces: 2150 nInternalFaces: 1600";
    location    "constant/polyMesh";
    object      neighbour;
}
// * * * * * * * * * * * * * * * * * * * * * * * * * * * * * * * * * * * * * //


1600
(
1
25
125
2
26
126
3
27
127
4
28
128
5
29
129
6
30
130
7
31
131
8
32
132
9
33
133
10
34
134
11
35
135
12
36
136
13
37
137
14
38
138
15
39
139
16
40
140
17
41
141
18
42
142
19
43
143
20
44
144
21
45
145
22
46
146
23
47
147
24
48
148
49
149
26
50
150
27
51
151
28
52
152
29
53
153
30
54
154
31
55
155
32
56
156
33
57
157
34
58
158
35
59
159
36
60
160
37
61
161
38
62
162
39
63
163
40
64
164
41
65
165
42
66
166
43
67
167
44
68
168
45
69
169
46
70
170
47
71
171
48
72
172
49
73
173
74
174
51
75
175
52
76
176
53
77
177
54
78
178
55
79
179
56
80
180
57
81
181
58
82
182
59
83
183
60
84
184
61
85
185
62
86
186
63
87
187
64
88
188
65
89
189
66
90
190
67
91
191
68
92
192
69
93
193
70
94
194
71
95
195
72
96
196
73
97
197
74
98
198
99
199
76
100
200
77
101
201
78
102
202
79
103
203
80
104
204
81
105
205
82
106
206
83
107
207
84
108
208
85
109
209
86
110
210
87
111
211
88
112
212
89
113
213
90
114
214
91
115
215
92
116
216
93
117
217
94
118
218
95
119
219
96
120
220
97
121
221
98
122
222
99
123
223
124
224
101
225
102
226
103
227
104
228
105
229
106
230
107
231
108
232
109
233
110
234
111
235
112
236
113
237
114
238
115
239
116
240
117
241
118
242
119
243
120
244
121
245
122
246
123
247
124
248
249
126
150
250
127
151
251
128
152
252
129
153
253
130
154
254
131
155
255
132
156
256
133
157
257
134
158
258
135
159
259
136
160
260
137
161
261
138
162
262
139
163
263
140
164
264
141
165
265
142
166
266
143
167
267
144
168
268
145
169
269
146
170
270
147
171
271
148
172
272
149
173
273
174
274
151
175
275
152
176
276
153
177
277
154
178
278
155
179
279
156
180
280
157
181
281
158
182
282
159
183
283
160
184
284
161
185
285
162
186
286
163
187
287
164
188
288
165
189
289
166
190
290
167
191
291
168
192
292
169
193
293
170
194
294
171
195
295
172
196
296
173
197
297
174
198
298
199
299
176
200
300
177
201
301
178
202
302
179
203
303
180
204
304
181
205
305
182
206
306
183
207
307
184
208
308
185
209
309
186
210
310
187
211
311
188
212
312
189
213
313
190
214
314
191
215
315
192
216
316
193
217
317
194
218
318
195
219
319
196
220
320
197
221
321
198
222
322
199
223
323
224
324
201
225
325
202
226
326
203
227
327
204
228
328
205
229
329
206
230
330
207
231
331
208
232
332
209
233
333
210
234
334
211
235
335
212
236
336
213
237
337
214
238
338
215
239
339
216
240
340
217
241
341
218
242
342
219
243
343
220
244
344
221
245
345
222
246
346
223
247
347
224
248
348
249
349
226
350
227
351
228
352
229
353
230
354
231
355
232
356
233
357
234
358
235
359
236
360
237
361
238
362
239
363
240
364
241
365
242
366
243
367
244
368
245
369
246
370
247
371
248
372
249
373
374
251
275
375
252
276
376
253
277
377
254
278
378
255
279
379
256
280
380
257
281
381
258
282
382
259
283
383
260
284
384
261
285
385
262
286
386
263
287
387
264
288
388
265
289
389
266
290
390
267
291
391
268
292
392
269
293
393
270
294
394
271
295
395
272
296
396
273
297
397
274
298
398
299
399
276
300
400
277
301
401
278
302
402
279
303
403
280
304
404
281
305
405
282
306
406
283
307
407
284
308
408
285
309
409
286
310
410
287
311
411
288
312
412
289
313
413
290
314
414
291
315
415
292
316
416
293
317
417
294
318
418
295
319
419
296
320
420
297
321
421
298
322
422
299
323
423
324
424
301
325
425
302
326
426
303
327
427
304
328
428
305
329
429
306
330
430
307
331
431
308
332
432
309
333
433
310
334
434
311
335
435
312
336
436
313
337
437
314
338
438
315
339
439
316
340
440
317
341
441
318
342
442
319
343
443
320
344
444
321
345
445
322
346
446
323
347
447
324
348
448
349
449
326
350
450
327
351
451
328
352
452
329
353
453
330
354
454
331
355
455
332
356
456
333
357
457
334
358
458
335
359
459
336
360
460
337
361
461
338
362
462
339
363
463
340
364
464
341
365
465
342
366
466
343
367
467
344
368
468
345
369
469
346
370
470
347
371
471
348
372
472
349
373
473
374
474
351
475
352
476
353
477
354
478
355
479
356
480
357
481
358
482
359
483
360
484
361
485
362
486
363
487
364
488
365
489
366
490
367
491
368
492
369
493
370
494
371
495
372
496
373
497
374
498
499
376
400
500
377
401
501
378
402
502
379
403
503
380
404
504
381
405
505
382
406
506
383
407
507
384
408
508
385
409
509
386
410
510
387
411
511
388
412
512
389
413
513
390
414
514
391
415
515
392
416
516
393
417
517
394
418
518
395
419
519
396
420
520
397
421
521
398
422
522
399
423
523
424
524
401
425
525
402
426
526
403
427
527
404
428
528
405
429
529
406
430
530
407
431
531
408
432
532
409
433
533
410
434
534
411
435
535
412
436
536
413
437
537
414
438
538
415
439
539
416
440
540
417
441
541
418
442
542
419
443
543
420
444
544
421
445
545
422
446
546
423
447
547
424
448
548
449
549
426
450
550
427
451
551
428
452
552
429
453
553
430
454
554
431
455
555
432
456
556
433
457
557
434
458
558
435
459
559
436
460
560
437
461
561
438
462
562
439
463
563
440
464
564
441
465
565
442
466
566
443
467
567
444
468
568
445
469
569
446
470
570
447
471
571
448
472
572
449
473
573
474
574
451
475
575
452
476
576
453
477
577
454
478
578
455
479
579
456
480
580
457
481
581
458
482
582
459
483
583
460
484
584
461
485
585
462
486
586
463
487
587
464
488
588
465
489
589
466
490
590
467
491
591
468
492
592
469
493
593
470
494
594
471
495
595
472
496
596
473
497
597
474
498
598
499
599
476
600
477
601
478
602
479
603
480
604
481
605
482
606
483
607
484
608
485
609
486
610
487
611
488
612
489
613
490
614
491
615
492
616
493
617
494
618
495
619
496
620
497
621
498
622
499
623
624
501
525
502
526
503
527
504
528
505
529
506
530
507
531
508
532
509
533
510
534
511
535
512
536
513
537
514
538
515
539
516
540
517
541
518
542
519
543
520
544
521
545
522
546
523
547
524
548
549
526
550
527
551
528
552
529
553
530
554
531
555
532
556
533
557
534
558
535
559
536
560
537
561
538
562
539
563
540
564
541
565
542
566
543
567
544
568
545
569
546
570
547
571
548
572
549
573
574
551
575
552
576
553
577
554
578
555
579
556
580
557
581
558
582
559
583
560
584
561
585
562
586
563
587
564
588
565
589
566
590
567
591
568
592
569
593
570
594
571
595
572
596
573
597
574
598
599
576
600
577
601
578
602
579
603
580
604
581
605
582
606
583
607
584
608
585
609
586
610
587
611
588
612
589
613
590
614
591
615
592
616
593
617
594
618
595
619
596
620
597
621
598
622
599
623
624
601
602
603
604
605
606
607
608
609
610
611
612
613
614
615
616
617
618
619
620
621
622
623
624
)


// ************************************************************************* //
