/*--------------------------------*- C++ -*----------------------------------*\
  =========                 |
  \\      /  F ield         | OpenFOAM: The Open Source CFD Toolbox
   \\    /   O peration     | Website:  https://openfoam.org
    \\  /    A nd           | Version:  6
     \\/     M anipulation  |
\*---------------------------------------------------------------------------*/
FoamFile
{
    version     2.0;
    format      ascii;
    class       vectorField;
    location    "constant/polyMesh";
    object      points;
}
// * * * * * * * * * * * * * * * * * * * * * * * * * * * * * * * * * * * * * //


936
(
(0.25 0.19 -0.005)
(0.264 0.19 -0.005)
(0.278 0.19 -0.005)
(0.292 0.19 -0.005)
(0.306 0.19 -0.005)
(0.32 0.19 -0.005)
(0.334 0.19 -0.005)
(0.348 0.19 -0.005)
(0.362 0.19 -0.005)
(0.376 0.19 -0.005)
(0.39 0.19 -0.005)
(0.404 0.19 -0.005)
(0.418 0.19 -0.005)
(0.432 0.19 -0.005)
(0.446 0.19 -0.005)
(0.46 0.19 -0.005)
(0.474 0.19 -0.005)
(0.488 0.19 -0.005)
(0.502 0.19 -0.005)
(0.516 0.19 -0.005)
(0.53 0.19 -0.005)
(0.544 0.19 -0.005)
(0.558 0.19 -0.005)
(0.572 0.19 -0.005)
(0.586 0.19 -0.005)
(0.6 0.19 -0.005)
(0.25 0.194 -0.005)
(0.264 0.194 -0.005)
(0.278 0.194 -0.005)
(0.292 0.194 -0.005)
(0.306 0.194 -0.005)
(0.32 0.194 -0.005)
(0.334 0.194 -0.005)
(0.348 0.194 -0.005)
(0.362 0.194 -0.005)
(0.376 0.194 -0.005)
(0.39 0.194 -0.005)
(0.404 0.194 -0.005)
(0.418 0.194 -0.005)
(0.432 0.194 -0.005)
(0.446 0.194 -0.005)
(0.46 0.194 -0.005)
(0.474 0.194 -0.005)
(0.488 0.194 -0.005)
(0.502 0.194 -0.005)
(0.516 0.194 -0.005)
(0.53 0.194 -0.005)
(0.544 0.194 -0.005)
(0.558 0.194 -0.005)
(0.572 0.194 -0.005)
(0.586 0.194 -0.005)
(0.6 0.194 -0.005)
(0.25 0.198 -0.005)
(0.264 0.198 -0.005)
(0.278 0.198 -0.005)
(0.292 0.198 -0.005)
(0.306 0.198 -0.005)
(0.32 0.198 -0.005)
(0.334 0.198 -0.005)
(0.348 0.198 -0.005)
(0.362 0.198 -0.005)
(0.376 0.198 -0.005)
(0.39 0.198 -0.005)
(0.404 0.198 -0.005)
(0.418 0.198 -0.005)
(0.432 0.198 -0.005)
(0.446 0.198 -0.005)
(0.46 0.198 -0.005)
(0.474 0.198 -0.005)
(0.488 0.198 -0.005)
(0.502 0.198 -0.005)
(0.516 0.198 -0.005)
(0.53 0.198 -0.005)
(0.544 0.198 -0.005)
(0.558 0.198 -0.005)
(0.572 0.198 -0.005)
(0.586 0.198 -0.005)
(0.6 0.198 -0.005)
(0.25 0.202 -0.005)
(0.264 0.202 -0.005)
(0.278 0.202 -0.005)
(0.292 0.202 -0.005)
(0.306 0.202 -0.005)
(0.32 0.202 -0.005)
(0.334 0.202 -0.005)
(0.348 0.202 -0.005)
(0.362 0.202 -0.005)
(0.376 0.202 -0.005)
(0.39 0.202 -0.005)
(0.404 0.202 -0.005)
(0.418 0.202 -0.005)
(0.432 0.202 -0.005)
(0.446 0.202 -0.005)
(0.46 0.202 -0.005)
(0.474 0.202 -0.005)
(0.488 0.202 -0.005)
(0.502 0.202 -0.005)
(0.516 0.202 -0.005)
(0.53 0.202 -0.005)
(0.544 0.202 -0.005)
(0.558 0.202 -0.005)
(0.572 0.202 -0.005)
(0.586 0.202 -0.005)
(0.6 0.202 -0.005)
(0.25 0.206 -0.005)
(0.264 0.206 -0.005)
(0.278 0.206 -0.005)
(0.292 0.206 -0.005)
(0.306 0.206 -0.005)
(0.32 0.206 -0.005)
(0.334 0.206 -0.005)
(0.348 0.206 -0.005)
(0.362 0.206 -0.005)
(0.376 0.206 -0.005)
(0.39 0.206 -0.005)
(0.404 0.206 -0.005)
(0.418 0.206 -0.005)
(0.432 0.206 -0.005)
(0.446 0.206 -0.005)
(0.46 0.206 -0.005)
(0.474 0.206 -0.005)
(0.488 0.206 -0.005)
(0.502 0.206 -0.005)
(0.516 0.206 -0.005)
(0.53 0.206 -0.005)
(0.544 0.206 -0.005)
(0.558 0.206 -0.005)
(0.572 0.206 -0.005)
(0.586 0.206 -0.005)
(0.6 0.206 -0.005)
(0.25 0.21 -0.005)
(0.264 0.21 -0.005)
(0.278 0.21 -0.005)
(0.292 0.21 -0.005)
(0.306 0.21 -0.005)
(0.32 0.21 -0.005)
(0.334 0.21 -0.005)
(0.348 0.21 -0.005)
(0.362 0.21 -0.005)
(0.376 0.21 -0.005)
(0.39 0.21 -0.005)
(0.404 0.21 -0.005)
(0.418 0.21 -0.005)
(0.432 0.21 -0.005)
(0.446 0.21 -0.005)
(0.46 0.21 -0.005)
(0.474 0.21 -0.005)
(0.488 0.21 -0.005)
(0.502 0.21 -0.005)
(0.516 0.21 -0.005)
(0.53 0.21 -0.005)
(0.544 0.21 -0.005)
(0.558 0.21 -0.005)
(0.572 0.21 -0.005)
(0.586 0.21 -0.005)
(0.6 0.21 -0.005)
(0.25 0.19 -0.003)
(0.264 0.19 -0.003)
(0.278 0.19 -0.003)
(0.292 0.19 -0.003)
(0.306 0.19 -0.003)
(0.32 0.19 -0.003)
(0.334 0.19 -0.003)
(0.348 0.19 -0.003)
(0.362 0.19 -0.003)
(0.376 0.19 -0.003)
(0.39 0.19 -0.003)
(0.404 0.19 -0.003)
(0.418 0.19 -0.003)
(0.432 0.19 -0.003)
(0.446 0.19 -0.003)
(0.46 0.19 -0.003)
(0.474 0.19 -0.003)
(0.488 0.19 -0.003)
(0.502 0.19 -0.003)
(0.516 0.19 -0.003)
(0.53 0.19 -0.003)
(0.544 0.19 -0.003)
(0.558 0.19 -0.003)
(0.572 0.19 -0.003)
(0.586 0.19 -0.003)
(0.6 0.19 -0.003)
(0.25 0.194 -0.003)
(0.264 0.194 -0.003)
(0.278 0.194 -0.003)
(0.292 0.194 -0.003)
(0.306 0.194 -0.003)
(0.32 0.194 -0.003)
(0.334 0.194 -0.003)
(0.348 0.194 -0.003)
(0.362 0.194 -0.003)
(0.376 0.194 -0.003)
(0.39 0.194 -0.003)
(0.404 0.194 -0.003)
(0.418 0.194 -0.003)
(0.432 0.194 -0.003)
(0.446 0.194 -0.003)
(0.46 0.194 -0.003)
(0.474 0.194 -0.003)
(0.488 0.194 -0.003)
(0.502 0.194 -0.003)
(0.516 0.194 -0.003)
(0.53 0.194 -0.003)
(0.544 0.194 -0.003)
(0.558 0.194 -0.003)
(0.572 0.194 -0.003)
(0.586 0.194 -0.003)
(0.6 0.194 -0.003)
(0.25 0.198 -0.003)
(0.264 0.198 -0.003)
(0.278 0.198 -0.003)
(0.292 0.198 -0.003)
(0.306 0.198 -0.003)
(0.32 0.198 -0.003)
(0.334 0.198 -0.003)
(0.348 0.198 -0.003)
(0.362 0.198 -0.003)
(0.376 0.198 -0.003)
(0.39 0.198 -0.003)
(0.404 0.198 -0.003)
(0.418 0.198 -0.003)
(0.432 0.198 -0.003)
(0.446 0.198 -0.003)
(0.46 0.198 -0.003)
(0.474 0.198 -0.003)
(0.488 0.198 -0.003)
(0.502 0.198 -0.003)
(0.516 0.198 -0.003)
(0.53 0.198 -0.003)
(0.544 0.198 -0.003)
(0.558 0.198 -0.003)
(0.572 0.198 -0.003)
(0.586 0.198 -0.003)
(0.6 0.198 -0.003)
(0.25 0.202 -0.003)
(0.264 0.202 -0.003)
(0.278 0.202 -0.003)
(0.292 0.202 -0.003)
(0.306 0.202 -0.003)
(0.32 0.202 -0.003)
(0.334 0.202 -0.003)
(0.348 0.202 -0.003)
(0.362 0.202 -0.003)
(0.376 0.202 -0.003)
(0.39 0.202 -0.003)
(0.404 0.202 -0.003)
(0.418 0.202 -0.003)
(0.432 0.202 -0.003)
(0.446 0.202 -0.003)
(0.46 0.202 -0.003)
(0.474 0.202 -0.003)
(0.488 0.202 -0.003)
(0.502 0.202 -0.003)
(0.516 0.202 -0.003)
(0.53 0.202 -0.003)
(0.544 0.202 -0.003)
(0.558 0.202 -0.003)
(0.572 0.202 -0.003)
(0.586 0.202 -0.003)
(0.6 0.202 -0.003)
(0.25 0.206 -0.003)
(0.264 0.206 -0.003)
(0.278 0.206 -0.003)
(0.292 0.206 -0.003)
(0.306 0.206 -0.003)
(0.32 0.206 -0.003)
(0.334 0.206 -0.003)
(0.348 0.206 -0.003)
(0.362 0.206 -0.003)
(0.376 0.206 -0.003)
(0.39 0.206 -0.003)
(0.404 0.206 -0.003)
(0.418 0.206 -0.003)
(0.432 0.206 -0.003)
(0.446 0.206 -0.003)
(0.46 0.206 -0.003)
(0.474 0.206 -0.003)
(0.488 0.206 -0.003)
(0.502 0.206 -0.003)
(0.516 0.206 -0.003)
(0.53 0.206 -0.003)
(0.544 0.206 -0.003)
(0.558 0.206 -0.003)
(0.572 0.206 -0.003)
(0.586 0.206 -0.003)
(0.6 0.206 -0.003)
(0.25 0.21 -0.003)
(0.264 0.21 -0.003)
(0.278 0.21 -0.003)
(0.292 0.21 -0.003)
(0.306 0.21 -0.003)
(0.32 0.21 -0.003)
(0.334 0.21 -0.003)
(0.348 0.21 -0.003)
(0.362 0.21 -0.003)
(0.376 0.21 -0.003)
(0.39 0.21 -0.003)
(0.404 0.21 -0.003)
(0.418 0.21 -0.003)
(0.432 0.21 -0.003)
(0.446 0.21 -0.003)
(0.46 0.21 -0.003)
(0.474 0.21 -0.003)
(0.488 0.21 -0.003)
(0.502 0.21 -0.003)
(0.516 0.21 -0.003)
(0.53 0.21 -0.003)
(0.544 0.21 -0.003)
(0.558 0.21 -0.003)
(0.572 0.21 -0.003)
(0.586 0.21 -0.003)
(0.6 0.21 -0.003)
(0.25 0.19 -0.001)
(0.264 0.19 -0.001)
(0.278 0.19 -0.001)
(0.292 0.19 -0.001)
(0.306 0.19 -0.001)
(0.32 0.19 -0.001)
(0.334 0.19 -0.001)
(0.348 0.19 -0.001)
(0.362 0.19 -0.001)
(0.376 0.19 -0.001)
(0.39 0.19 -0.001)
(0.404 0.19 -0.001)
(0.418 0.19 -0.001)
(0.432 0.19 -0.001)
(0.446 0.19 -0.001)
(0.46 0.19 -0.001)
(0.474 0.19 -0.001)
(0.488 0.19 -0.001)
(0.502 0.19 -0.001)
(0.516 0.19 -0.001)
(0.53 0.19 -0.001)
(0.544 0.19 -0.001)
(0.558 0.19 -0.001)
(0.572 0.19 -0.001)
(0.586 0.19 -0.001)
(0.6 0.19 -0.001)
(0.25 0.194 -0.001)
(0.264 0.194 -0.001)
(0.278 0.194 -0.001)
(0.292 0.194 -0.001)
(0.306 0.194 -0.001)
(0.32 0.194 -0.001)
(0.334 0.194 -0.001)
(0.348 0.194 -0.001)
(0.362 0.194 -0.001)
(0.376 0.194 -0.001)
(0.39 0.194 -0.001)
(0.404 0.194 -0.001)
(0.418 0.194 -0.001)
(0.432 0.194 -0.001)
(0.446 0.194 -0.001)
(0.46 0.194 -0.001)
(0.474 0.194 -0.001)
(0.488 0.194 -0.001)
(0.502 0.194 -0.001)
(0.516 0.194 -0.001)
(0.53 0.194 -0.001)
(0.544 0.194 -0.001)
(0.558 0.194 -0.001)
(0.572 0.194 -0.001)
(0.586 0.194 -0.001)
(0.6 0.194 -0.001)
(0.25 0.198 -0.001)
(0.264 0.198 -0.001)
(0.278 0.198 -0.001)
(0.292 0.198 -0.001)
(0.306 0.198 -0.001)
(0.32 0.198 -0.001)
(0.334 0.198 -0.001)
(0.348 0.198 -0.001)
(0.362 0.198 -0.001)
(0.376 0.198 -0.001)
(0.39 0.198 -0.001)
(0.404 0.198 -0.001)
(0.418 0.198 -0.001)
(0.432 0.198 -0.001)
(0.446 0.198 -0.001)
(0.46 0.198 -0.001)
(0.474 0.198 -0.001)
(0.488 0.198 -0.001)
(0.502 0.198 -0.001)
(0.516 0.198 -0.001)
(0.53 0.198 -0.001)
(0.544 0.198 -0.001)
(0.558 0.198 -0.001)
(0.572 0.198 -0.001)
(0.586 0.198 -0.001)
(0.6 0.198 -0.001)
(0.25 0.202 -0.001)
(0.264 0.202 -0.001)
(0.278 0.202 -0.001)
(0.292 0.202 -0.001)
(0.306 0.202 -0.001)
(0.32 0.202 -0.001)
(0.334 0.202 -0.001)
(0.348 0.202 -0.001)
(0.362 0.202 -0.001)
(0.376 0.202 -0.001)
(0.39 0.202 -0.001)
(0.404 0.202 -0.001)
(0.418 0.202 -0.001)
(0.432 0.202 -0.001)
(0.446 0.202 -0.001)
(0.46 0.202 -0.001)
(0.474 0.202 -0.001)
(0.488 0.202 -0.001)
(0.502 0.202 -0.001)
(0.516 0.202 -0.001)
(0.53 0.202 -0.001)
(0.544 0.202 -0.001)
(0.558 0.202 -0.001)
(0.572 0.202 -0.001)
(0.586 0.202 -0.001)
(0.6 0.202 -0.001)
(0.25 0.206 -0.001)
(0.264 0.206 -0.001)
(0.278 0.206 -0.001)
(0.292 0.206 -0.001)
(0.306 0.206 -0.001)
(0.32 0.206 -0.001)
(0.334 0.206 -0.001)
(0.348 0.206 -0.001)
(0.362 0.206 -0.001)
(0.376 0.206 -0.001)
(0.39 0.206 -0.001)
(0.404 0.206 -0.001)
(0.418 0.206 -0.001)
(0.432 0.206 -0.001)
(0.446 0.206 -0.001)
(0.46 0.206 -0.001)
(0.474 0.206 -0.001)
(0.488 0.206 -0.001)
(0.502 0.206 -0.001)
(0.516 0.206 -0.001)
(0.53 0.206 -0.001)
(0.544 0.206 -0.001)
(0.558 0.206 -0.001)
(0.572 0.206 -0.001)
(0.586 0.206 -0.001)
(0.6 0.206 -0.001)
(0.25 0.21 -0.001)
(0.264 0.21 -0.001)
(0.278 0.21 -0.001)
(0.292 0.21 -0.001)
(0.306 0.21 -0.001)
(0.32 0.21 -0.001)
(0.334 0.21 -0.001)
(0.348 0.21 -0.001)
(0.362 0.21 -0.001)
(0.376 0.21 -0.001)
(0.39 0.21 -0.001)
(0.404 0.21 -0.001)
(0.418 0.21 -0.001)
(0.432 0.21 -0.001)
(0.446 0.21 -0.001)
(0.46 0.21 -0.001)
(0.474 0.21 -0.001)
(0.488 0.21 -0.001)
(0.502 0.21 -0.001)
(0.516 0.21 -0.001)
(0.53 0.21 -0.001)
(0.544 0.21 -0.001)
(0.558 0.21 -0.001)
(0.572 0.21 -0.001)
(0.586 0.21 -0.001)
(0.6 0.21 -0.001)
(0.25 0.19 0.001)
(0.264 0.19 0.001)
(0.278 0.19 0.001)
(0.292 0.19 0.001)
(0.306 0.19 0.001)
(0.32 0.19 0.001)
(0.334 0.19 0.001)
(0.348 0.19 0.001)
(0.362 0.19 0.001)
(0.376 0.19 0.001)
(0.39 0.19 0.001)
(0.404 0.19 0.001)
(0.418 0.19 0.001)
(0.432 0.19 0.001)
(0.446 0.19 0.001)
(0.46 0.19 0.001)
(0.474 0.19 0.001)
(0.488 0.19 0.001)
(0.502 0.19 0.001)
(0.516 0.19 0.001)
(0.53 0.19 0.001)
(0.544 0.19 0.001)
(0.558 0.19 0.001)
(0.572 0.19 0.001)
(0.586 0.19 0.001)
(0.6 0.19 0.001)
(0.25 0.194 0.001)
(0.264 0.194 0.001)
(0.278 0.194 0.001)
(0.292 0.194 0.001)
(0.306 0.194 0.001)
(0.32 0.194 0.001)
(0.334 0.194 0.001)
(0.348 0.194 0.001)
(0.362 0.194 0.001)
(0.376 0.194 0.001)
(0.39 0.194 0.001)
(0.404 0.194 0.001)
(0.418 0.194 0.001)
(0.432 0.194 0.001)
(0.446 0.194 0.001)
(0.46 0.194 0.001)
(0.474 0.194 0.001)
(0.488 0.194 0.001)
(0.502 0.194 0.001)
(0.516 0.194 0.001)
(0.53 0.194 0.001)
(0.544 0.194 0.001)
(0.558 0.194 0.001)
(0.572 0.194 0.001)
(0.586 0.194 0.001)
(0.6 0.194 0.001)
(0.25 0.198 0.001)
(0.264 0.198 0.001)
(0.278 0.198 0.001)
(0.292 0.198 0.001)
(0.306 0.198 0.001)
(0.32 0.198 0.001)
(0.334 0.198 0.001)
(0.348 0.198 0.001)
(0.362 0.198 0.001)
(0.376 0.198 0.001)
(0.39 0.198 0.001)
(0.404 0.198 0.001)
(0.418 0.198 0.001)
(0.432 0.198 0.001)
(0.446 0.198 0.001)
(0.46 0.198 0.001)
(0.474 0.198 0.001)
(0.488 0.198 0.001)
(0.502 0.198 0.001)
(0.516 0.198 0.001)
(0.53 0.198 0.001)
(0.544 0.198 0.001)
(0.558 0.198 0.001)
(0.572 0.198 0.001)
(0.586 0.198 0.001)
(0.6 0.198 0.001)
(0.25 0.202 0.001)
(0.264 0.202 0.001)
(0.278 0.202 0.001)
(0.292 0.202 0.001)
(0.306 0.202 0.001)
(0.32 0.202 0.001)
(0.334 0.202 0.001)
(0.348 0.202 0.001)
(0.362 0.202 0.001)
(0.376 0.202 0.001)
(0.39 0.202 0.001)
(0.404 0.202 0.001)
(0.418 0.202 0.001)
(0.432 0.202 0.001)
(0.446 0.202 0.001)
(0.46 0.202 0.001)
(0.474 0.202 0.001)
(0.488 0.202 0.001)
(0.502 0.202 0.001)
(0.516 0.202 0.001)
(0.53 0.202 0.001)
(0.544 0.202 0.001)
(0.558 0.202 0.001)
(0.572 0.202 0.001)
(0.586 0.202 0.001)
(0.6 0.202 0.001)
(0.25 0.206 0.001)
(0.264 0.206 0.001)
(0.278 0.206 0.001)
(0.292 0.206 0.001)
(0.306 0.206 0.001)
(0.32 0.206 0.001)
(0.334 0.206 0.001)
(0.348 0.206 0.001)
(0.362 0.206 0.001)
(0.376 0.206 0.001)
(0.39 0.206 0.001)
(0.404 0.206 0.001)
(0.418 0.206 0.001)
(0.432 0.206 0.001)
(0.446 0.206 0.001)
(0.46 0.206 0.001)
(0.474 0.206 0.001)
(0.488 0.206 0.001)
(0.502 0.206 0.001)
(0.516 0.206 0.001)
(0.53 0.206 0.001)
(0.544 0.206 0.001)
(0.558 0.206 0.001)
(0.572 0.206 0.001)
(0.586 0.206 0.001)
(0.6 0.206 0.001)
(0.25 0.21 0.001)
(0.264 0.21 0.001)
(0.278 0.21 0.001)
(0.292 0.21 0.001)
(0.306 0.21 0.001)
(0.32 0.21 0.001)
(0.334 0.21 0.001)
(0.348 0.21 0.001)
(0.362 0.21 0.001)
(0.376 0.21 0.001)
(0.39 0.21 0.001)
(0.404 0.21 0.001)
(0.418 0.21 0.001)
(0.432 0.21 0.001)
(0.446 0.21 0.001)
(0.46 0.21 0.001)
(0.474 0.21 0.001)
(0.488 0.21 0.001)
(0.502 0.21 0.001)
(0.516 0.21 0.001)
(0.53 0.21 0.001)
(0.544 0.21 0.001)
(0.558 0.21 0.001)
(0.572 0.21 0.001)
(0.586 0.21 0.001)
(0.6 0.21 0.001)
(0.25 0.19 0.003)
(0.264 0.19 0.003)
(0.278 0.19 0.003)
(0.292 0.19 0.003)
(0.306 0.19 0.003)
(0.32 0.19 0.003)
(0.334 0.19 0.003)
(0.348 0.19 0.003)
(0.362 0.19 0.003)
(0.376 0.19 0.003)
(0.39 0.19 0.003)
(0.404 0.19 0.003)
(0.418 0.19 0.003)
(0.432 0.19 0.003)
(0.446 0.19 0.003)
(0.46 0.19 0.003)
(0.474 0.19 0.003)
(0.488 0.19 0.003)
(0.502 0.19 0.003)
(0.516 0.19 0.003)
(0.53 0.19 0.003)
(0.544 0.19 0.003)
(0.558 0.19 0.003)
(0.572 0.19 0.003)
(0.586 0.19 0.003)
(0.6 0.19 0.003)
(0.25 0.194 0.003)
(0.264 0.194 0.003)
(0.278 0.194 0.003)
(0.292 0.194 0.003)
(0.306 0.194 0.003)
(0.32 0.194 0.003)
(0.334 0.194 0.003)
(0.348 0.194 0.003)
(0.362 0.194 0.003)
(0.376 0.194 0.003)
(0.39 0.194 0.003)
(0.404 0.194 0.003)
(0.418 0.194 0.003)
(0.432 0.194 0.003)
(0.446 0.194 0.003)
(0.46 0.194 0.003)
(0.474 0.194 0.003)
(0.488 0.194 0.003)
(0.502 0.194 0.003)
(0.516 0.194 0.003)
(0.53 0.194 0.003)
(0.544 0.194 0.003)
(0.558 0.194 0.003)
(0.572 0.194 0.003)
(0.586 0.194 0.003)
(0.6 0.194 0.003)
(0.25 0.198 0.003)
(0.264 0.198 0.003)
(0.278 0.198 0.003)
(0.292 0.198 0.003)
(0.306 0.198 0.003)
(0.32 0.198 0.003)
(0.334 0.198 0.003)
(0.348 0.198 0.003)
(0.362 0.198 0.003)
(0.376 0.198 0.003)
(0.39 0.198 0.003)
(0.404 0.198 0.003)
(0.418 0.198 0.003)
(0.432 0.198 0.003)
(0.446 0.198 0.003)
(0.46 0.198 0.003)
(0.474 0.198 0.003)
(0.488 0.198 0.003)
(0.502 0.198 0.003)
(0.516 0.198 0.003)
(0.53 0.198 0.003)
(0.544 0.198 0.003)
(0.558 0.198 0.003)
(0.572 0.198 0.003)
(0.586 0.198 0.003)
(0.6 0.198 0.003)
(0.25 0.202 0.003)
(0.264 0.202 0.003)
(0.278 0.202 0.003)
(0.292 0.202 0.003)
(0.306 0.202 0.003)
(0.32 0.202 0.003)
(0.334 0.202 0.003)
(0.348 0.202 0.003)
(0.362 0.202 0.003)
(0.376 0.202 0.003)
(0.39 0.202 0.003)
(0.404 0.202 0.003)
(0.418 0.202 0.003)
(0.432 0.202 0.003)
(0.446 0.202 0.003)
(0.46 0.202 0.003)
(0.474 0.202 0.003)
(0.488 0.202 0.003)
(0.502 0.202 0.003)
(0.516 0.202 0.003)
(0.53 0.202 0.003)
(0.544 0.202 0.003)
(0.558 0.202 0.003)
(0.572 0.202 0.003)
(0.586 0.202 0.003)
(0.6 0.202 0.003)
(0.25 0.206 0.003)
(0.264 0.206 0.003)
(0.278 0.206 0.003)
(0.292 0.206 0.003)
(0.306 0.206 0.003)
(0.32 0.206 0.003)
(0.334 0.206 0.003)
(0.348 0.206 0.003)
(0.362 0.206 0.003)
(0.376 0.206 0.003)
(0.39 0.206 0.003)
(0.404 0.206 0.003)
(0.418 0.206 0.003)
(0.432 0.206 0.003)
(0.446 0.206 0.003)
(0.46 0.206 0.003)
(0.474 0.206 0.003)
(0.488 0.206 0.003)
(0.502 0.206 0.003)
(0.516 0.206 0.003)
(0.53 0.206 0.003)
(0.544 0.206 0.003)
(0.558 0.206 0.003)
(0.572 0.206 0.003)
(0.586 0.206 0.003)
(0.6 0.206 0.003)
(0.25 0.21 0.003)
(0.264 0.21 0.003)
(0.278 0.21 0.003)
(0.292 0.21 0.003)
(0.306 0.21 0.003)
(0.32 0.21 0.003)
(0.334 0.21 0.003)
(0.348 0.21 0.003)
(0.362 0.21 0.003)
(0.376 0.21 0.003)
(0.39 0.21 0.003)
(0.404 0.21 0.003)
(0.418 0.21 0.003)
(0.432 0.21 0.003)
(0.446 0.21 0.003)
(0.46 0.21 0.003)
(0.474 0.21 0.003)
(0.488 0.21 0.003)
(0.502 0.21 0.003)
(0.516 0.21 0.003)
(0.53 0.21 0.003)
(0.544 0.21 0.003)
(0.558 0.21 0.003)
(0.572 0.21 0.003)
(0.586 0.21 0.003)
(0.6 0.21 0.003)
(0.25 0.19 0.005)
(0.264 0.19 0.005)
(0.278 0.19 0.005)
(0.292 0.19 0.005)
(0.306 0.19 0.005)
(0.32 0.19 0.005)
(0.334 0.19 0.005)
(0.348 0.19 0.005)
(0.362 0.19 0.005)
(0.376 0.19 0.005)
(0.39 0.19 0.005)
(0.404 0.19 0.005)
(0.418 0.19 0.005)
(0.432 0.19 0.005)
(0.446 0.19 0.005)
(0.46 0.19 0.005)
(0.474 0.19 0.005)
(0.488 0.19 0.005)
(0.502 0.19 0.005)
(0.516 0.19 0.005)
(0.53 0.19 0.005)
(0.544 0.19 0.005)
(0.558 0.19 0.005)
(0.572 0.19 0.005)
(0.586 0.19 0.005)
(0.6 0.19 0.005)
(0.25 0.194 0.005)
(0.264 0.194 0.005)
(0.278 0.194 0.005)
(0.292 0.194 0.005)
(0.306 0.194 0.005)
(0.32 0.194 0.005)
(0.334 0.194 0.005)
(0.348 0.194 0.005)
(0.362 0.194 0.005)
(0.376 0.194 0.005)
(0.39 0.194 0.005)
(0.404 0.194 0.005)
(0.418 0.194 0.005)
(0.432 0.194 0.005)
(0.446 0.194 0.005)
(0.46 0.194 0.005)
(0.474 0.194 0.005)
(0.488 0.194 0.005)
(0.502 0.194 0.005)
(0.516 0.194 0.005)
(0.53 0.194 0.005)
(0.544 0.194 0.005)
(0.558 0.194 0.005)
(0.572 0.194 0.005)
(0.586 0.194 0.005)
(0.6 0.194 0.005)
(0.25 0.198 0.005)
(0.264 0.198 0.005)
(0.278 0.198 0.005)
(0.292 0.198 0.005)
(0.306 0.198 0.005)
(0.32 0.198 0.005)
(0.334 0.198 0.005)
(0.348 0.198 0.005)
(0.362 0.198 0.005)
(0.376 0.198 0.005)
(0.39 0.198 0.005)
(0.404 0.198 0.005)
(0.418 0.198 0.005)
(0.432 0.198 0.005)
(0.446 0.198 0.005)
(0.46 0.198 0.005)
(0.474 0.198 0.005)
(0.488 0.198 0.005)
(0.502 0.198 0.005)
(0.516 0.198 0.005)
(0.53 0.198 0.005)
(0.544 0.198 0.005)
(0.558 0.198 0.005)
(0.572 0.198 0.005)
(0.586 0.198 0.005)
(0.6 0.198 0.005)
(0.25 0.202 0.005)
(0.264 0.202 0.005)
(0.278 0.202 0.005)
(0.292 0.202 0.005)
(0.306 0.202 0.005)
(0.32 0.202 0.005)
(0.334 0.202 0.005)
(0.348 0.202 0.005)
(0.362 0.202 0.005)
(0.376 0.202 0.005)
(0.39 0.202 0.005)
(0.404 0.202 0.005)
(0.418 0.202 0.005)
(0.432 0.202 0.005)
(0.446 0.202 0.005)
(0.46 0.202 0.005)
(0.474 0.202 0.005)
(0.488 0.202 0.005)
(0.502 0.202 0.005)
(0.516 0.202 0.005)
(0.53 0.202 0.005)
(0.544 0.202 0.005)
(0.558 0.202 0.005)
(0.572 0.202 0.005)
(0.586 0.202 0.005)
(0.6 0.202 0.005)
(0.25 0.206 0.005)
(0.264 0.206 0.005)
(0.278 0.206 0.005)
(0.292 0.206 0.005)
(0.306 0.206 0.005)
(0.32 0.206 0.005)
(0.334 0.206 0.005)
(0.348 0.206 0.005)
(0.362 0.206 0.005)
(0.376 0.206 0.005)
(0.39 0.206 0.005)
(0.404 0.206 0.005)
(0.418 0.206 0.005)
(0.432 0.206 0.005)
(0.446 0.206 0.005)
(0.46 0.206 0.005)
(0.474 0.206 0.005)
(0.488 0.206 0.005)
(0.502 0.206 0.005)
(0.516 0.206 0.005)
(0.53 0.206 0.005)
(0.544 0.206 0.005)
(0.558 0.206 0.005)
(0.572 0.206 0.005)
(0.586 0.206 0.005)
(0.6 0.206 0.005)
(0.25 0.21 0.005)
(0.264 0.21 0.005)
(0.278 0.21 0.005)
(0.292 0.21 0.005)
(0.306 0.21 0.005)
(0.32 0.21 0.005)
(0.334 0.21 0.005)
(0.348 0.21 0.005)
(0.362 0.21 0.005)
(0.376 0.21 0.005)
(0.39 0.21 0.005)
(0.404 0.21 0.005)
(0.418 0.21 0.005)
(0.432 0.21 0.005)
(0.446 0.21 0.005)
(0.46 0.21 0.005)
(0.474 0.21 0.005)
(0.488 0.21 0.005)
(0.502 0.21 0.005)
(0.516 0.21 0.005)
(0.53 0.21 0.005)
(0.544 0.21 0.005)
(0.558 0.21 0.005)
(0.572 0.21 0.005)
(0.586 0.21 0.005)
(0.6 0.21 0.005)
)


// ************************************************************************* //
